image_width: 640
image_height: 480
camera_name: main_camera
camera_matrix:
  rows: 3
  cols: 3
  data: [782.6473137906064, 0, 332.5131794243951, 0, 788.0790848142075, 234.0454049221186, 0, 0, 1]
distortion_model: plumb_bob
distortion_coefficients:
  rows: 1
  cols: 5
  data: [-0.1176856944348931, -0.04564561757781802, 0.003498455812400083, -0.0002511068485971935, 0]
rectification_matrix:
  rows: 3
  cols: 3
  data: [1, 0, 0, 0, 1, 0, 0, 0, 1]
projection_matrix:
  rows: 3
  cols: 4
  data: [764.2164916992188, 0, 332.5116577113295, 0, 0, 777.4080200195312, 234.2133347743584, 0, 0, 0, 1, 0]