image_width: 1280
image_height: 960
camera_name: main_camera
camera_matrix:
  rows: 3
  cols: 3
  data: [1600.925935675592, 0, 725.0198381421548, 0, 1606.702899897253, 494.4357252122803, 0, 0, 1]
distortion_model: plumb_bob
distortion_coefficients:
  rows: 1
  cols: 5
  data: [-0.1335830898787223, -0.02577726049984836, 0.003851880628934642, -0.0006917221561424231, 0]
rectification_matrix:
  rows: 3
  cols: 3
  data: [1, 0, 0, 0, 1, 0, 0, 0, 1]
projection_matrix:
  rows: 3
  cols: 4
  data: [1561.785888671875, 0, 728.7413986548927, 0, 0, 1585.702880859375, 496.5797101187709, 0, 0, 0, 1, 0]